00100100000000100000000000000100
00111100000000010001000000000001
00110100001001000000000000000000
00000000000000000000000000001100
00111100000000010001000000000001
00110100001001000000000000101001
00000000000000000000000000001100
00100100000000100000000000001000
00111100000000010001000000000001
00110100001001000000000001010011
00100100000001010000000001100100
00000000000000000000000000001100
00100100000000100000000000000100
00000000000000000000000000001100
00100100000000100000000000000101
00000000000000000000000000001100
00000000010000000100000000100000
00100100000000100000000000000101
00000000000000000000000000001100
00000000010000000100100000100000
00000001001010000010000000100000
00100100000000100000000000000001
00000000000000000000000000001100
